Introducing contestants...
* Player 1, weighing 617 bytes, "helltrain" ("choo-choo, motherf*****s !") !
* Player 2, weighing 490 bytes, "fluttershy" ("oh, my, what a scary project") !
* Player 3, weighing 325 bytes, "Celebration Funebre v0.99pl42" ("Jour J") !
* Player 4, weighing 532 bytes, "zdoh" ("w8 for da next one") !
0x0000 : 00 00 00 00 00 00 00 00 00 00 00 00 00 00 00 00 00 00 00 00 00 00 00 00 00 00 00 00 00 00 00 00 00 00 00 00 00 00 00 00 00 00 00 00 00 00 00 00 00 00 00 00 00 00 00 00 00 00 00 00 00 00 00 00 
0x0040 : 00 00 00 00 00 00 00 00 00 00 00 00 00 00 00 00 00 00 00 00 00 00 00 00 00 00 00 00 00 43 02 90 00 00 00 00 02 02 90 00 00 00 00 10 01 ff ff ff ff 03 70 02 ff e8 03 70 02 ff df 03 70 02 ff d6 
0x0080 : 03 70 02 ff cd 03 70 02 ff c4 03 70 02 ff bb 03 70 02 ff b2 03 70 02 ff a9 03 70 02 ff a0 03 70 02 ff 97 03 70 02 ff 8e 03 70 02 ff 85 03 70 02 ff 7c 03 70 02 ff 73 03 70 02 ff 6a 03 70 02 ff 
0x00c0 : 61 03 70 02 ff 58 03 70 02 ff 4f 03 70 02 ff 46 03 70 02 ff 3d 03 70 02 ff 34 03 70 02 ff 2b 03 70 02 ff 22 03 70 02 ff 19 03 70 02 ff 10 03 70 02 ff 07 03 70 02 fe fe 03 70 02 fe f5 03 70 02 
0x0100 : fe ec 03 70 02 fe e3 03 70 02 fe da 03 70 02 fe d1 03 70 02 fe c8 03 70 02 fe bf 03 70 02 fe b6 03 70 02 fe ad 03 70 02 fe a4 03 70 02 fe 9b 03 70 02 fe 92 03 70 02 fe 89 03 70 02 fe 80 03 70 
0x0140 : 02 fe 77 03 70 02 fe 6e 03 70 02 fe 65 03 70 02 fe 5c 03 70 02 fe 53 03 70 02 fe 4a 03 70 02 fe 41 03 70 02 fe 38 03 70 02 fe 2f 03 70 02 fe 26 03 70 02 fe 1d 03 70 02 fe 14 03 70 02 fe 0b 03 
0x0180 : 70 02 fe 02 01 ff ff ff fd 00 00 00 00 00 0e 09 ff 38 01 ff ff ff fd 00 00 00 00 00 0e 09 ff 38 01 ff ff 09 00 03 0c ff f8 01 ff ff ff ff 0c 00 5e 01 ff ff ff ff 0c 00 2f 01 ff ff ff ff 0c 00 
0x01c0 : 84 02 90 ff ff ff ff 02 02 90 0f 03 70 03 03 02 90 00 00 00 00 10 01 ff ff ff ff 02 90 00 00 00 00 10 09 00 78 01 ff ff ff ff 0c fe 74 02 90 0f 03 70 03 02 02 90 17 03 70 03 03 02 90 00 00 00 
0x0200 : 00 10 02 90 00 00 00 00 10 09 00 51 01 ff ff ff ff 0c ff 98 01 ff ff ff ff 0c ff 6e 02 90 ff ff 01 00 02 02 90 1a 03 70 03 03 02 90 00 00 00 00 10 02 90 00 00 00 00 10 02 90 00 00 00 00 10 09 
0x0240 : 00 01 ff ff ff fd 00 00 00 00 00 0e 09 ff 38 01 ff ff ff fd 00 00 00 00 00 0e 09 ff 38 01 ff 03 70 03 ff ff 01 00 00 00 00 00 00 00 00 00 00 00 00 00 00 00 00 00 00 00 00 00 00 00 00 00 00 00 
0x0280 : 00 00 00 00 00 00 00 00 00 00 00 00 00 00 00 00 00 00 00 00 00 00 00 00 00 00 00 00 00 00 00 00 00 00 00 00 00 00 00 00 00 00 00 00 00 00 00 00 00 00 00 00 00 00 00 00 00 00 00 00 00 00 00 00 
0x02c0 : 00 00 00 00 00 00 00 00 00 00 00 00 00 00 00 00 00 00 00 00 00 00 00 00 00 00 00 00 00 00 00 00 00 00 00 00 00 00 00 00 00 00 00 00 00 00 00 00 00 00 00 00 00 00 00 00 00 00 00 00 00 00 01 ff 
0x0300 : ff ff fd 00 00 00 00 00 0e 09 ff 38 01 ff ff ff fd 00 00 00 00 00 0e 09 ff 38 01 ff 00 00 00 00 00 00 00 00 00 00 00 00 00 00 00 00 00 00 00 00 00 00 00 00 00 00 00 00 00 00 00 00 00 00 00 00 
0x0340 : 00 00 00 00 00 00 00 00 00 00 00 00 00 00 00 00 00 00 00 00 00 00 00 00 00 00 00 00 00 00 00 00 00 00 00 00 00 00 00 00 00 00 00 00 00 00 00 00 00 00 00 00 00 00 00 00 00 00 00 00 00 00 00 00 
0x0380 : 00 00 00 00 00 00 00 00 00 00 00 00 00 00 00 00 00 00 00 00 00 00 00 00 00 00 00 00 00 00 00 00 00 00 00 00 00 00 00 00 00 00 00 00 00 00 00 00 00 00 00 00 00 00 00 00 00 00 00 01 ff ff ff fd 
0x03c0 : 00 00 00 00 00 0e 09 ff 38 01 ff ff ff fd 00 00 00 00 00 0e 09 ff 38 01 ff 00 00 00 00 00 00 00 00 00 00 00 00 00 00 00 00 00 00 00 00 00 00 00 00 00 00 00 00 00 00 00 00 00 00 00 00 00 00 00 
0x0400 : 0c 00 90 03 70 01 00 06 01 ff ff ff fc 0c 01 71 03 09 00 00 09 01 ff 09 00 00 09 00 f1 03 70 01 00 06 01 ff ff ff ff 0c ff fb 0b 68 01 00 34 00 01 03 70 01 00 06 01 ff ff ff fc 0b 68 01 00 3e 
0x0440 : 00 01 02 90 ff ff ff fa 02 02 90 ff ff ff fa 03 02 90 09 00 00 09 04 02 90 ff ff ff 46 05 01 ff ff ff fd 0b 64 04 ff ba 02 04 54 02 03 02 0b 64 04 ff af 02 04 54 02 03 01 ff ff ff ff fe 64 0f 
0x0480 : 00 00 0e 09 ff 38 01 ff ff ff fd 00 00 00 00 00 0e 09 ff 38 01 ff ff ff ff fe 0c ff fb 03 70 01 00 3a 03 70 01 00 3a 03 70 01 00 3a 03 70 01 00 3a 03 70 01 00 3a 03 70 01 00 3a 03 70 01 00 3a 
0x04c0 : 03 70 01 00 3a 03 70 01 00 3a 03 70 01 00 3a 02 90 00 00 00 00 10 01 ff ff ff ff 01 ff ff ff fe 01 ff ff ff ff 01 ff ff ff fc 01 ff ff ff ff 01 ff ff ff fc 01 ff ff ff ff 01 ff ff ff fc 01 ff 
0x0500 : ff ff ff 01 ff ff ff fc 09 ff ce 03 70 01 00 06 01 ff ff ff fe 0c ff fb 0b 68 01 00 34 00 01 03 70 01 00 06 01 00 00 00 06 0b 68 01 00 3e 00 01 02 90 00 00 00 00 00 00 00 fd 00 00 00 00 00 0e 
0x0540 : 09 ff 38 01 ff ff ff fd 00 00 00 00 00 00 00 00 06 01 ff 04 00 99 fe 08 54 90 00 00 90 00 00 09 ff c5 09 ff c5 00 00 00 00 00 00 06 00 00 00 05 0f 09 ff a7 02 90 00 00 00 00 10 09 ff d1 03 70 
0x0580 : 01 00 06 01 ff ff ff fd 0c ff fb 02 90 00 00 00 00 02 02 90 00 00 00 06 01 ff ff 6a 02 90 00 00 00 00 0f 09 ff c5 00 00 00 00 00 00 00 00 00 00 00 00 fd ff da 02 04 0b 64 04 01 00 0e 09 ff 00 
0x05c0 : 00 00 00 94 ff c9 02 04 0b 64 04 01 7f 02 04 54 02 03 02 01 ff ff ff fe 08 54 02 05 0f 09 01 6a 02 90 00 00 00 00 0f 09 ff c5 00 00 00 00 00 00 00 00 00 00 00 54 02 03 02 54 02 03 02 54 02 03 
0x0600 : 02 54 02 03 02 00 00 00 00 00 00 09 ff 38 01 ff 00 00 00 00 00 00 00 00 00 00 00 00 00 00 00 00 00 00 00 00 00 00 00 00 00 00 00 00 00 00 00 00 00 00 00 00 00 00 00 00 00 00 00 00 00 00 00 00 
0x0640 : 00 00 00 00 00 00 00 00 00 00 00 00 00 00 00 00 00 00 00 00 00 00 00 00 00 00 00 00 00 00 00 00 00 00 00 00 00 00 00 00 00 00 00 00 00 00 00 00 00 00 00 00 00 00 00 00 00 00 00 00 00 00 00 00 
0x0680 : 00 00 00 00 00 00 00 00 00 00 00 00 00 00 00 00 ff ff ff fd ff ff ff fd 00 00 00 00 00 0e 09 ff 38 01 ff 00 00 00 00 00 00 00 00 00 00 00 00 01 ff ff ff fd 00 00 00 6a 02 90 00 ff 38 01 ff ff 
0x06c0 : ff 00 00 00 28 00 00 0e 09 ff 38 01 ff 00 00 00 00 00 00 00 00 00 00 00 00 00 00 00 00 00 00 00 00 00 00 00 00 00 00 00 00 00 00 00 00 00 00 00 00 00 00 00 00 00 00 00 00 00 00 00 00 00 00 00 
0x0700 : 00 00 00 00 00 00 00 00 00 00 00 00 00 00 00 00 00 00 01 6a 02 90 00 00 ff ff ff 00 33 00 01 03 70 01 00 00 00 00 00 00 00 00 00 00 00 00 00 0b 64 04 01 90 02 04 54 02 03 02 0a 70 01 00 06 01 
0x0740 : ff ff ff ff 00 00 00 02 90 00 02 01 ff ff ff fe ff ff fe fe 08 54 fe 08 54 09 01 6a 09 01 6a 00 00 00 0f 09 ff 00 00 00 00 00 00 00 00 00 00 00 00 00 fd ff da 02 04 0b 64 04 01 90 02 04 54 02 
0x0780 : 03 02 0a 04 0b 64 04 04 0b 64 04 01 7f 02 04 54 02 03 02 fe 08 54 02 fe 08 54 02 05 0f 09 01 6a 02 90 00 00 00 00 0f 00 00 00 00 00 00 00 00 00 00 00 fd 00 00 00 fd 00 0e 09 ff 00 02 90 00 00 
0x07c0 : 00 00 00 00 00 00 00 ff da 02 04 ff ff fd 00 00 00 00 00 0e 09 ff 0a 04 0a 04 0a 04 0b 64 00 00 00 0e 09 ff 38 01 ff ff ff fe 00 00 00 00 00 0e 09 ff 38 01 ff ff ff ff 00 00 00 00 00 00 09 05 
0x0800 : 00 60 05 00 00 00 00 03 70 01 00 00 00 00 00 0e ff fd 00 00 00 00 00 0e 09 ff 38 01 00 00 00 50 00 00 00 00 00 0e 09 ff 38 01 00 00 00 50 00 00 00 00 00 0e 09 ff 38 01 00 00 00 00 00 00 00 00 
0x0840 : 00 90 00 00 00 60 05 09 ff c5 00 03 70 01 00 00 00 00 00 0e ff ff ff fd 68 01 ff ff ff ff 0b 68 01 ff af 00 0f 0b 68 01 ff a8 00 1d 0b 68 01 ff a1 00 2b 02 90 00 00 01 ff ff ff fe 08 54 02 05 
0x0880 : 01 ff ff 6a 02 90 00 00 00 00 0f 09 ff c5 00 03 70 01 00 06 01 00 00 00 06 0a 94 ff da 02 04 ff fd 0a 94 90 02 04 54 02 03 02 0a 94 ff c9 02 04 0b 64 04 ff ff fd 00 54 02 03 02 01 ff ff 00 00 
0x08c0 : 00 00 00 00 00 00 00 02 02 02 02 ff 38 01 ff 04 03 02 90 05 0b 68 01 00 00 00 00 00 00 ff ff 03 70 01 00 ff fc 0a 94 ff ff 0a 94 00 00 00 03 0b 64 04 01 ff ff 3e 0e 02 03 02 0a 00 00 fe fe 04 
0x0900 : 0b 64 04 01 7f 02 04 00 00 00 00 00 00 00 00 00 00 02 02 6a 02 90 00 04 03 02 90 09 ff c5 00 09 ff c5 00 09 ff c5 00 03 70 01 00 ff da 02 04 ff ff 0a 94 90 02 00 00 0b 64 04 01 00 00 00 00 02 
0x0940 : 03 02 0a 01 7f 02 04 04 0b 64 04 ff ff 3e 0e 54 02 03 02 05 0f 09 01 6a 02 90 00 00 00 00 0f 09 ff c5 00 09 ff c5 00 09 ff c5 00 09 ff c5 00 00 00 00 00 00 00 00 00 00 00 00 00 00 00 00 00 00 
0x0980 : 00 00 00 00 00 00 00 00 00 00 00 00 00 00 00 00 00 00 00 00 00 00 00 00 00 00 00 00 00 00 00 00 00 00 00 00 00 00 00 00 00 00 00 00 00 00 00 00 00 00 00 00 00 00 00 00 00 00 00 00 00 00 00 00 
0x09c0 : 00 00 00 00 00 00 00 00 00 ff da ff da 02 04 ff 38 00 00 00 00 00 00 00 00 00 00 00 00 00 ff ff ff ff 00 00 00 00 00 00 00 00 00 00 00 00 00 00 00 00 00 00 00 00 00 00 00 00 00 00 00 00 00 00 
0x0a00 : 00 00 00 00 00 00 00 00 00 00 00 00 00 00 00 00 00 00 00 00 00 00 00 00 00 00 00 00 00 00 00 00 00 00 00 00 00 00 ff ff ff fc 00 00 00 00 00 02 90 00 00 90 00 00 00 fe 08 54 02 00 00 00 00 00 
0x0a40 : 00 00 00 00 00 00 0f 09 ff c5 00 03 70 01 00 06 01 00 00 00 06 0a 94 ff da 02 04 0b 64 04 01 90 02 04 54 02 03 02 0a 00 00 00 00 04 0b 64 04 01 7f 02 04 00 00 00 00 01 ff ff ff ff 08 54 02 00 
0x0a80 : 00 00 00 6a 02 90 00 00 00 00 00 09 ff c5 00 05 0b 68 01 00 33 00 01 03 70 01 00 06 01 ff ff ff fd 0a 94 00 02 90 00 00 00 00 03 00 00 00 00 ff ff 3e 0e 00 00 00 00 00 00 00 00 00 00 00 00 02 
0x0ac0 : 90 00 02 01 ff ff 2b 00 2b 00 2b 02 90 00 00 ff 00 00 00 90 00 00 00 04 03 02 90 05 0b 05 0b 05 0b 68 01 03 70 03 70 03 70 01 00 06 01 00 06 00 06 0a 94 ff fd ff fd ff fd 0a 94 02 03 02 0a 02 
0x0b00 : 03 02 0a 54 02 03 02 04 0b 64 04 fd 08 54 02 54 02 03 02 fd 08 fd 08 fd 08 54 02 09 ff c5 00 6a 02 90 00 0e 09 ff 38 00 00 00 00 00 0f 68 01 0e 09 ff 38 00 00 00 00 03 70 ff fd ff fd 0a 94 02 
0x0b40 : 00 01 ff 00 00 00 03 ff ff 3e 0e 00 00 00 00 00 00 00 00 00 00 00 00 00 00 00 00 00 00 00 00 00 00 00 00 00 00 00 00 00 00 00 00 00 00 00 00 00 00 00 00 00 00 00 00 00 00 00 00 00 00 00 00 00 
0x0b80 : 00 00 00 00 00 00 00 00 00 00 00 00 00 00 00 00 00 00 00 00 00 00 00 00 00 00 00 00 00 00 00 00 00 00 00 00 00 00 00 00 00 00 00 00 00 00 00 00 00 00 00 00 00 00 00 00 00 00 00 00 00 00 00 00 
0x0bc0 : 00 00 00 00 00 00 00 00 00 00 00 00 00 00 00 00 00 00 00 00 00 00 00 00 00 00 00 00 00 00 00 00 00 00 00 00 00 00 00 00 00 00 00 02 90 00 00 00 00 00 00 00 00 00 00 00 00 00 00 00 00 00 00 00 
0x0c00 : 00 00 00 ff 00 00 00 00 64 00 00 00 00 00 00 00 00 00 02 00 00 00 00 03 00 00 00 00 09 00 00 00 00 00 00 00 00 00 00 00 00 00 00 57 00 00 00 00 00 00 00 00 00 0c 00 00 00 00 48 00 00 00 00 00 
0x0c40 : 00 00 00 00 0c 00 00 00 00 d8 00 05 0b 68 01 00 00 00 00 0c 00 00 00 00 2a 00 00 00 00 00 00 00 00 00 0c 00 00 00 00 71 00 00 00 00 00 00 00 00 00 0c 00 00 00 00 62 00 00 00 00 02 00 00 00 00 
0x0c80 : ff ff ff 90 00 00 00 06 01 ff ff 6a 02 90 00 00 00 00 0f 09 ff c5 00 09 ff c5 00 09 ff c5 00 ff fe 0a 94 ff fe 0a 94 0b 64 04 01 90 02 04 54 02 03 02 0a 94 ff c9 02 04 0b 64 04 01 7f 02 04 54 
0x0cc0 : 02 03 02 01 ff ff ff fd 08 54 02 05 0f 09 01 6a 02 90 00 6a 02 90 00 09 ff c5 00 03 70 08 fe 70 03 70 08 fe 70 03 70 08 fe 70 03 70 08 fe 70 03 70 08 fe 70 03 70 08 fe 70 03 70 08 fe 70 03 70 
0x0d00 : 08 fe 70 03 70 08 fe 70 03 70 08 fe 70 03 70 08 fe 70 03 70 08 fe 70 03 70 08 fe 70 03 70 08 fe 70 03 70 08 fe 70 03 70 08 fe 70 03 70 08 fe 70 03 70 08 fe 70 03 70 08 fe 70 03 70 08 fe 70 03 
0x0d40 : 70 08 fe 70 03 70 08 fe 70 03 70 08 fe 70 03 70 08 fe 0c 03 70 08 fe 0c 03 70 08 fe 0c 03 70 08 fe 0c 03 70 08 fe 0c 03 70 08 fe 0c 03 70 08 fe 0c 03 70 08 fe 0c 03 70 08 fe 0c 03 70 08 fe 0c 
0x0d80 : 03 70 08 fe 0c 03 70 08 fe 0c 03 70 08 fe 0c 03 70 08 fe 70 03 70 08 fe 70 03 70 08 fe 70 03 70 08 fe 70 03 70 08 fe 70 03 70 08 fe 70 03 70 08 fe 70 03 70 08 fe 70 03 70 08 fe 70 03 70 08 fe 
0x0dc0 : 70 03 70 08 fe 70 03 70 08 fe 70 03 70 08 fe 70 03 70 08 fe 70 03 70 08 fe 70 03 70 08 fe 70 03 70 08 fe 70 03 70 08 fe 70 03 70 08 fe 70 03 70 08 fe 70 03 70 08 fe 70 03 70 08 fe 70 03 70 08 
0x0e00 : fe 70 03 70 08 fe 70 03 70 08 fe 70 03 70 08 fe 70 09 fe c5 00 00 00 00 00 00 00 00 00 00 00 00 00 00 00 00 00 00 00 00 00 00 00 00 00 00 00 00 00 00 00 00 00 00 00 54 02 03 02 00 ff ff ff 90 
0x0e40 : 00 00 00 06 01 ff ff 6a 02 90 00 00 00 00 0f 09 ff c5 00 09 ff c5 00 09 ff c5 00 ff fe 0a 94 00 00 00 00 00 00 00 00 00 00 00 00 00 00 00 00 00 00 00 00 00 00 00 00 00 00 00 00 00 00 00 00 00 
0x0e80 : 00 00 00 00 00 00 00 00 00 00 00 00 00 00 00 00 00 00 00 00 00 00 00 03 70 08 fe 70 03 70 08 fe 70 03 70 08 fe 70 03 70 08 fe 70 03 70 08 fe 70 03 70 08 fe 70 03 70 00 00 00 00 00 00 00 00 00 
0x0ec0 : 00 00 00 00 00 00 00 00 00 00 00 00 00 00 00 00 00 00 00 00 00 00 00 00 00 00 00 00 00 00 00 00 00 00 00 00 00 00 00 00 00 00 00 00 00 00 00 00 00 00 00 00 00 00 00 00 00 00 00 00 00 00 00 00 
0x0f00 : 00 00 00 00 00 00 00 00 00 00 00 00 00 00 00 00 00 00 00 00 00 00 00 00 00 00 00 00 00 00 00 00 00 00 00 00 00 00 00 00 00 00 00 00 00 00 00 00 00 00 00 00 00 00 00 00 00 00 00 00 00 00 00 00 
0x0f40 : 00 00 00 00 00 00 00 00 00 00 00 00 00 00 00 00 00 00 00 00 00 00 00 00 00 00 00 00 00 00 00 00 00 00 00 00 00 00 00 00 00 00 00 00 00 00 00 00 00 00 00 00 00 00 00 00 00 00 00 00 00 00 00 00 
0x0f80 : 00 00 00 00 00 00 00 00 00 00 00 00 00 00 00 00 00 00 00 00 00 00 00 00 00 00 00 00 00 00 00 00 00 00 00 00 00 00 00 00 00 00 00 00 00 00 00 00 00 00 00 00 00 00 00 00 00 00 00 00 00 00 00 00 
0x0fc0 : 00 00 00 00 00 00 00 00 00 00 00 00 00 00 00 00 00 00 00 00 00 00 00 00 00 00 00 00 00 00 00 00 00 00 00 00 00 00 00 00 00 00 00 00 00 00 00 00 00 00 00 00 00 00 00 00 00 00 00 00 00 00 00 00 
